site	city	subregion	region	distance_km	lat	long	easting	northing	abund	chl_mean	sst_mean	fwd_mean	wf_log	wf_km	inclinacao	rugosity	Tetr_size	Tetr_density	Brach_cover	Brach_size	Pp_ok	perna_cover	pp_cat
Almada	Ubatuba/SP	S3	south	216.85	-23.359030	-44.889340	511310.395502660	7416730.484336390	9	3.641	25.162	0.615	2.597	100.344	27.683	1.168	4.844	21.200	49.000	7.996	0	0.000	absent
Baleeiro	São Sebastião/SP	S2	south	146.96	-23.829003	-45.423654	456852.684677270	7364640.550535590	4	5.303	25.073	0.603	3.413	615.769	13.800	1.221	5.109	14.133	0.000	7.746	0	0.000	absent
Cigarras	São Sebastião/SP	S2	south	152.97	-23.728480	-45.397968	459437.552488032	7375777.286123670	4	4.541	25.453	0.815	3.317	419.557	44.000	1.410	4.279	14.667	0.000	6.494	0	0.000	absent
Éden	Guarujá/SP	S1	south	67.72	-23.986740	-46.186390	379312.823630726	7346733.524844070	29	4.568	25.402	0.859	3.900	1685.525	39.950	1.312	3.218	1.867	80.000	7.319	0	0.000	absent
Engenho	São Sebastião/SP	S1	south	115.05	-23.765550	-45.783750	420138.500664975	7371509.812729690	14	4.549	25.266	0.747	3.884	1554.614	33.150	1.233	4.615	19.733	65.000	8.073	0	0.000	absent
Enseada (Ubatuba)	Ubatuba/SP	S3	south	192.17	-23.500930	-45.084080	491415.475111520	7401023.155552900	2	2.114	25.484	0.673	2.947	237.464	71.300	1.034	4.870	3.867	0.000	8.660	0	0.000	absent
Félix	Ubatuba/SP	S3	south	207.72	-23.392290	-44.971100	502953.088354905	7413052.471204170	1	2.153	25.028	0.648	3.769	1241.134	19.500	1.461	4.129	12.467	0.300	6.727	0	0.000	absent
Geribá	Búzios/RJ	N3	north	525.20	-22.781190	-41.904040	817896.857892256	7477374.225004400	37	2.419	23.082	0.708	3.798	1316.954	19.150	1.187	4.809	21.467	5.000	8.513	0	0.000	absent
Guaecá	São Sebastião/SP	S2	south	142.80	-23.821920	-45.468730	452259.232664395	7365410.293036250	6	4.178	25.878	0.696	3.614	904.703	38.700	1.462	4.846	18.467	45.000	9.404	0	0.000	absent
Indaiá	Bertioga/SP	S1	south	93.45	-23.802035	-46.000934	398035.277659100	7367331.191885600	10	7.510	25.632	0.791	3.992	2027.912	14.350	1.076	5.406	4.400	36.000	10.474	0	0.000	absent
Iporanga	Guarujá/SP	S1	south	74.92	-23.905050	-46.147830	383162.194793010	7355811.396300280	44	4.891	25.326	0.859	4.072	2383.672	15.700	1.073	3.373	21.133	85.800	9.298	0	0.000	absent
Itaguá (Ubatuba)	Ubatuba/SP	S3	south	198.20	-23.449930	-45.044530	495451.762627341	7406670.99067172	0	3.166	25.618	0.743	3.258	441.939	56.150	1.541	3.900	12.800	0.000	NA	0	0.000	absent
Justa	Ubatuba/SP	S3	south	215.92	-23.337800	-44.910870	509111.293550965	7419082.266320660	12	6.764	24.722	0.619	3.331	450.058	36.500	1.176	4.790	18.067	75.000	8.073	0	0.000	absent
Lamberto	Ubatuba/SP	S3	south	189.75	-23.496520	-45.112240	488539.969998129	7401509.408712030	12	3.609	25.924	0.669	2.427	95.514	57.950	1.369	5.457	8.800	3.000	8.513	0	0.000	absent
Maranduba	Ubatuba/SP	S3	south	176.75	-23.551360	-45.225040	477032.249570896	7395424.684115810	7	3.456	25.270	0.800	2.851	222.273	25.650	1.271	4.224	13.600	0.200	8.309	0	0.000	absent
P. Alta	Mangaratiba/RJ	N1	north	301.50	-23.034180	-44.140750	588037.370332690	7452438.200424540	2	3.585	25.422	0.547	3.152	284.262	49.333	1.222	5.556	16.600	0.000	8.630	0	0.000	absent
P. Meio	Paraty/RJ	S3	south	232.35	-23.354180	-44.724460	528183.194385148	7417252.008840560	5	1.669	25.452	0.522	3.591	850.552	8.917	1.103	5.013	28.267	63.100	9.080	0	0.000	absent
P. Morto	Paraty/RJ	N1	north	255.84	-23.049270	-44.636780	537209.990509559	7450979.866406980	1	9.980	26.013	0.842	2.639	119.995	20.333	1.258	3.706	6.733	0.000	8.386	0	0.000	absent
Pescadores	Itanhaém/SP	S1	south	1.88	-24.194550	-46.793050	317882.296414225	7323065.647322150	6	8.049	25.222	1.000	4.120	2637.734	15.200	1.213	3.791	39.200	90.000	8.795	0	0.000	absent
Picinguaba	Ubatuba/SP	S3	south	220.74	-23.374520	-44.839240	516429.142197939	7415010.852344120	4	2.603	24.980	0.515	3.074	274.125	20.000	1.328	4.149	24.867	65.100	7.069	0	0.000	absent
Pontal da Cruz	São Sebastião/SP	S2	south	151.09	-23.773670	-45.400185	459225.659242564	7370773.569635340	8	5.024	25.011	0.839	2.794	128.623	23.800	1.333	4.663	3.533	73.000	10.458	0	0.000	absent
Prainha (Paraty)	Paraty/RJ	N1	north	245.22	-23.149550	-44.694500	531273.612706189	7439892.160378290	1	4.971	26.135	0.777	3.167	335.380	26.000	1.104	4.425	21.933	70.400	7.960	0	0.000	absent
Ranchos	Paraty/RJ	S3	south	232.67	-23.353210	-44.721590	528457.182056619	7417351.709615850	4	1.703	25.456	0.527	3.773	1250.192	20.600	1.530	3.869	16.600	2.000	NA	0	0.000	absent
Sorocotuba	Guarujá/SP	S1	south	67.88	-23.981850	-46.186700	379276.726088553	7347274.727530370	8	4.629	25.439	0.851	3.841	1489.904	33.650	1.431	4.079	35.733	80.000	9.023	0	0.000	absent
T. T. Grande	São Sebastião/SP	S2	south	138.10	-23.837310	-45.511780	447880.606889749	7363691.243555280	21	2.928	25.608	0.703	3.700	1020.739	31.400	1.225	4.048	14.800	53.600	9.075	0	0.000	absent
T. T. Pequeno	São Sebastião/SP	S2	south	136.38	-23.814510	-45.537500	445251.679062377	7366205.845568940	32	3.446	25.873	0.637	3.742	1112.203	38.400	1.244	4.183	18.533	23.100	6.372	0	0.000	absent
Taguaíba	Guarujá/SP	S1	south	75.52	-23.893460	-46.147480	383187.410650379	7357095.017074360	13	5.328	25.316	0.867	4.005	2063.976	26.050	1.211	3.259	30.600	89.100	7.562	0	0.000	absent
Tarituba	Paraty/RJ	N1	north	259.91	-23.046560	-44.592530	541744.057481396	7451267.93264797	0	5.755	26.125	0.630	2.124	27.171	19.667	1.055	3.814	5.533	0.000	NA	0	0.000	absent
Itaipu	Niterói/RJ	N2	north	407.39	-22.973879	-43.047480	700162.836817555	7458040.284628420	20	8.427	24.002	0.989	3.329	487.564	14.600	1.056	4.325	63.933	67.200	13.393	1	65.333	abundant
P. Vila	Saquarema/RJ	N2	north	462.34	-22.937400	-42.493530	757042.645702747	7461217.899245970	54	4.884	24.051	0.709	4.141	2778.843	22.700	1.142	4.570	63.800	22.000	11.392	1	47.332	abundant
Piratininga	Niterói/RJ	N2	north	405.65	-22.957410	-43.072210	697650.916073022	7459897.642177780	46	12.596	23.964	0.988	4.040	2212.518	15.250	1.047	3.090	55.667	28.000	10.867	1	49.333	abundant
Pta Negra	Maricá/RJ	N2	north	442.01	-22.958310	-42.695150	736321.673835296	7459240.541290380	62	6.882	24.170	0.609	4.037	2215.785	18.250	1.183	3.835	55.200	35.700	9.005	1	75.000	abundant
Enseada (Guarujá)	Guarujá/SP	S1	south	61.63	-23.994180	-46.247490	373103.989246484	7345856.001754460	22	6.934	25.436	0.922	3.911	1643.619	12.400	1.044	2.719	19.467	91.000	8.411	1	7.084	low
Leblon	Rio de Janeiro/RJ	N2	north	389.52	-22.989850	-43.227080	681725.422972126	7456505.480816940	16	5.541	24.408	0.606	4.061	2328.310	22.200	1.085	3.966	19.333	51.000	10.846	1	7.333	low
Matarazzo	Ubatuba/SP	S3	south	197.30	-23.431570	-45.063760	493486.734717146	7408702.813492760	50	5.680	25.804	0.748	3.505	676.358	23.800	1.262	3.509	0.667	94.000	8.621	1	6.296	low
P. Sonho	Itanhaém/SP	S1	south	1.05	-24.196300	-46.801170	317059.875562896	7322861.221364400	41	9.866	25.275	0.994	4.074	2398.986	19.100	1.173	4.564	13.800	90.300	6.909	1	4.999	low
P. Vermelha	Rio de Janeiro/RJ	N2	north	397.05	-22.953980	-43.163310	688313.141341145	7460397.231328720	29	8.440	23.979	0.958	3.119	336.172	29.650	1.363	4.498	20.933	33.800	10.865	1	12.500	low
Prainha (Arr. Cabo)	Arraial do Cabo/RJ	N3	north	507.67	-22.954340	-42.024130	805170.309411840	7458442.111923620	23	1.606	23.041	0.569	3.420	560.613	13.933	1.156	5.100	21.000	48.500	11.466	1	2.333	low
Pta Cabeça	Arraial do Cabo/RJ	N3	north	505.90	-22.976790	-42.034920	804012.846755643	7455976.989446430	40	2.685	23.091	0.568	3.823	1376.325	16.667	1.202	5.603	40.933	42.500	10.664	1	14.334	low
São Pedro	Guarujá/SP	S1	south	73.78	-23.906880	-46.159350	381991.126156692	7355599.194973060	19	5.287	25.183	0.883	3.737	1207.788	33.300	1.402	4.182	22.667	71.600	9.163	1	5.000	low
Arpoador	Rio de Janeiro/RJ	N2	north	392.91	-22.990500	-43.191500	685372.347068603	7456388.958435990	34	5.985	24.305	0.675	4.141	2777.110	33.650	1.245	3.097	25.133	82.900	9.564	1	0.000	rare
Atalaia	Arraial do Cabo/RJ	N3	north	508.05	-22.986340	-42.009960	806552.061675709	7454866.805227920	31	2.671	23.130	0.566	3.332	444.664	28.000	1.167	4.765	24.200	10.800	7.867	1	0.000	rare
Bravinha	Ubatuba/SP	S3	south	183.67	-23.506550	-45.172820	482355.901014818	7400392.881589660	14	4.057	26.170	0.747	2.940	247.988	29.800	1.318	4.283	24.133	39.200	8.225	1	0.000	rare
C. Itaguá	Bertioga/SP	S1	south	106.84	-23.761750	-45.875480	410788.461490118	7371875.998226820	17	4.564	25.836	0.720	3.919	1693.179	24.300	1.146	4.903	3.133	93.000	8.587	1	0.000	rare
Cibratel	Itanhaém/SP	S1	south	0.00	-24.200880	-46.810240	316145.026398974	7322342.063160730	26	7.127	25.259	0.977	4.080	2415.394	48.800	1.257	4.300	28.600	76.200	9.133	1	1.000	rare
Clubmed	Mangaratiba/RJ	N1	north	307.39	-22.998030	-44.095910	592656.557871488	7456412.685594670	9	7.681	25.239	0.681	3.472	617.872	56.067	1.233	4.853	10.800	17.000	8.647	1	0.000	rare
Ferradura	Búzios/RJ	N3	north	527.54	-22.771220	-41.883630	820017.319985661	7478434.954225240	20	2.219	23.236	0.700	3.581	1000.023	34.750	1.242	4.986	15.533	33.000	10.629	1	0.000	rare
Grumari	Rio de Janeiro/RJ	N2	north	361.31	-23.040750	-43.500890	653597.166033563	7451182.642912270	30	4.660	24.688	0.534	4.045	2222.265	23.800	1.235	5.460	52.067	61.100	11.153	1	0.666	rare
Guaiúba	Guarujá/SP	S1	south	56.15	-24.015950	-46.296030	368188.079039868	7343400.763937100	7	12.219	25.538	1.031	3.739	1103.593	31.250	1.250	3.710	23.733	80.500	8.877	1	0.557	rare
Joatinga	Rio de Janeiro/RJ	N2	north	382.57	-23.014750	-43.289400	675304.053265852	7453824.080779120	14	4.172	24.369	0.552	4.044	2242.583	33.600	1.129	4.142	32.133	70.000	9.680	1	0.667	rare
P. Branca	Guarujá/SP	S1	south	77.52	-23.872270	-46.137430	384191.723618774	7359449.586653790	35	5.304	25.231	0.849	3.997	1995.977	25.100	1.179	4.761	22.067	84.400	9.436	1	0.000	rare
P. Conchas	Cabo Frio/RJ	N3	north	514.75	-22.868220	-41.980590	809834.096271740	7467893.511214680	30	2.968	23.164	0.658	3.933	1779.254	29.950	1.440	4.741	50.733	41.000	9.372	1	0.666	rare
P. Coqueiros	Paraty/RJ	N1	north	263.93	-23.037180	-44.553130	545783.691782831	7452294.542116760	47	6.348	26.081	0.520	3.705	1018.422	11.450	1.082	5.612	25.933	65.000	8.576	1	0.000	rare
P. Forno (Arr. Cabo)	Arraial do Cabo/RJ	N3	north	508.11	-22.968720	-42.014950	806079.884331694	7456829.616034130	2	2.211	23.091	0.555	3.038	388.763	16.900	1.277	4.935	38.600	74.000	9.336	1	0.000	rare
P. Forte	Cabo Frio/RJ	N3	north	511.50	-22.885780	-42.007820	806998.581462347	7466004.845973390	49	2.517	23.080	0.573	3.403	647.139	27.550	1.122	4.136	103.467	31.500	9.528	1	0.000	rare
P. Grande (Ubatuba)	Ubatuba/SP	S3	south	195.99	-23.467070	-45.059740	493899.019891230	7404772.923732390	19	2.172	24.905	0.676	3.612	927.255	18.550	1.076	4.607	19.533	56.900	9.012	1	0.333	rare
P. Pernambuco	Guarujá/SP	S1	south	68.43	-23.974020	-46.184250	379518.705527960	7348143.836383640	13	5.843	24.923	0.839	3.902	1672.979	25.200	1.280	3.522	20.867	63.400	9.561	1	0.370	rare
P. Preta	Guarujá/SP	S1	south	77.23	-23.874190	-46.139480	383984.694110955	7359235.312207120	27	7.720	25.084	0.856	3.949	1822.327	20.400	1.161	3.654	17.267	88.900	9.792	1	0.370	rare
R. S. Lourenço	Bertioga/SP	S1	south	89.24	-23.820665	-46.036889	394387.363191675	7365242.121005510	94	7.330	25.588	0.882	3.913	1666.357	31.200	1.248	4.948	18.733	62.000	10.316	1	0.000	rare